2181
207
208
310
324
324
367
472
8312
572
596
654
673
672
675
8945
124583
857
595
960
999
1012
1026
1027
1029
1147
1385
148327
1387
10664
1495
1499
7852
1543
1545
1565
1576
1612
1655
1869
1871
1910
1950
1956
1958
60528
2005
2033
2064
2073
2078
2099
2100
2115
2118
2119
11124
2263
2272
2308
2408
2678
2932
2944
2950
2952
9709
3091
3181
3209
9566
3265
3283
3284
3479
3486
3551
3586
3592
3569
3623
3630
5655
3817
354
3845
51176
8379
6416
5594
5595
4157
4311
4436
4601
4609
9
8202
8031
10397
4747
4790
4830
4914
4968
25859
59351
50652
7834
100750225
64002
5159
5241
5294
5295
5328
5423
8000
5728
5783
5894
5915
11186
5925
5970
6041
9604
6514
85414
6597
6657
6715
6716
3925
171024
6921
6934
7113
7157
7299
7366
57216
7421
58189
