261729
60528
50636
9066
6041
85414
50652
84366
354
221120
8501
692094
101669767
367
7991
729873
2346
2078
4477
118425
4601
8000
101928099
100506696
3732
54921
83259
23037
3817
2099
374
2922
9506
55554
2065
2925
23301
7113
1366
25803
1001
2115
59351
3249
90737
5655
6768
30848
3570
2050
93650
9604
79689
51176
5292
10395
27173
23784
10647
8914
2232
55128
11010
1003
7041
100996331
317754
404785
445582
340441
5728
10648
26278
3219
10505
11200
1501
408260
619402
408259
1915
360205
101867536
388468
6286
6197
100188789
100188809
100188826
672
347747
100188867
100188868
100188769
100188834
7834
26872
5918
153090
5954
51200
56924
1345
5570
675
2048
999
80184
64002
100506428
285463
100048912
2064
7157
9566
103164619
101978785
2950
55
84218
100750225
414059
1956
728606
56683
100505495
124359
207
1316
4481
2100
1499
6715
960
1950
7048
3845
5290
7039
1026
1027
5915
332
3429
5328
8743
4313
5743
857
11186
2263
9518
3485
2952
4089
23600
3486
5111
598
2944
4436
595
5925
1586
1543
7424
6928
2956
7012
4318
673
5627
596
581
7150
4233
3956
6714
7050
1509
836
7040
7422
3091
841
2261
1495
5329
5268
142
890
5747
239
7421
2260
3958
7078
3315
1084
5744
7515
3480
4316
4830
7015
7161
2353
3265
1806
7020
6716
1910
324
1588
2272
1786
578
3728
1119
2324
2067
1113
7031
1545
2796
4953
7153
301
1839
5888
10855
3481
2194
8837
5599
5340
7430
5395
5578
4824
1191
3381
654
10894
3611
8434
8626
6690
4609
1045
1017
472
9734
4072
2253
4683
572
387
3688
4323
6774
7057
891
1789
5347
2475
58189
94025
7033
7376
1958
3479
3875
5917
1500
966
7517
2068
1571
1869
1019
842
5594
3725
3791
3105
2066
404663
2026
6273
1594
2247
4922
2252
4583
5742
8795
650
4914
5468
5055
29072
4015
6502
56616
4092
1000
5829
1612
4792
2185
203068
10
6462
8797
2146
4288
3491
3292
6275
6752
5294
4170
3852
4804
54205
3856
3371
2938
2246
9940
3691
2597
5879
5157
4968
1728
308
1525
23520
23519
10664
331
1576
1508
3320
7042
3673
5602
6934
12
4282
2149
6464
3092
1485
4193
768
2321
1033
29968
634
1082
7472
302
5604
54474
9166
328
3082
1565
7046
4255
4088
2798
6692
8600
3623
10499
463
11012
10468
1475
632
6648
11009
250
3855
2022
995
2150
1647
2264
2248
356
7077
1969
5378
3655
1977
4087
5894
2322
3084
7366
247
6696
9
9429
7508
983
6667
1514
5914
4585
5595
2033
1436
648
1365
3083
355
1591
6751
1909
50818
3925
3490
52
840
290
5764
811
7043
1490
5320
3303
25
1604
2118
864
6817
2697
285
6277
9232
2052
894
1312
2113
1435
2271
2069
3146
928
5159
8829
7251
2249
3667
2934
208
284
7010
2852
1012
5652
255324
2692
1102
3964
9194
6195
27330
655
8986
6196
9732
25818
7291
56547
3488
9241
5304
1843
1371
6233
3717
6447
10376
4916
7361
2735
664
2876
1364
4586
4322
7852
4320
3309
1544
6387
8772
8202
4851
2057
652
1978
6678
29984
3065
9360
2706
7799
1432
317
6198
3482
7184
947
4179
6772
896
846
3172
3643
9622
10481
23591
51513
7258
3397
3316
345275
3484
6280
8644
8548
6590
2739
1356
3297
5021
55503
10381
4869
3284
3283
5553
7857
6736
8125
4297
2690
330
900
3814
9131
5245
4904
2277
993
329
1649
25824
3487
8794
834
1788
10630
240
558
1021
8651
5467
637
8660
5295
4214
3312
5524
5901
1147
5018
7498
7299
7047
9235
4504
22943
6279
563
573
4319
196
8930
1030
283
7367
7471
2072
8793
7080
467
6422
10397
4584
11162
5008
3579
251
116
660
2908
839
7528
10018
8458
5618
8809
7163
1152
2547
177
2023
7433
6597
3953
1457
1557
2691
4771
5745
4684
5371
4758
51085
3716
4057
2492
5601
8379
186
5653
10660
7432
29108
3934
8678
10763
7474
680
412
6303
8932
54106
9021
3976
3577
3159
5230
3002
2308
2936
6777
860
1902
1445
4157
6646
1634
3918
3066
6416
5465
8312
1387
3554
5156
2042
10000
998
5321
11214
3400
246
1583
56624
1384
1803
7037
5660
3572
2002
8667
4023
4035
4246
4502
3489
389
6755
4982
1577
858
3981
4780
8877
688
4311
3373
10653
5176
6876
269
5564
7448
2919
1874
5300
1031
2114
1493
3308
1645
2017
3359
6670
2168
994
3727
7158
405
5970
89780
3936
142679
7423
5934
3164
2939
1471
3574
1020
2103
1908
1385
6256
2932
8648
5777
6352
55294
2941
7694
799
5933
7356
9372
2940
8878
5781
5058
2885
657
2778
3106
7074
1109
8654
5074
4884
81285
2637
4162
79054
5066
51056
7297
2241
4493
1506
8031
8842
4324
4489
347
7832
339967
2073
3598
977
10278
4049
2705
646486
3589
3037
4171
4923
4829
835
7392
706
1513
991
51738
8792
29128
5734
6677
3690
1871
214
6776
2034
10525
8856
5175
23671
6778
1441
5444
3627
5170
1009
5441
4860
4204
10928
1462
9612
7167
5898
1230
64399
5580
967
7296
2268
4599
3551
1889
3949
659
5966
6194
7414
1022
10399
5906
5079
923
6885
613
1040
10404
6095
4501
948
306
6855
4839
8751
1154
8870
7079
5971
1646
990
2209
3038
2309
23566
2638
2274
1268
3984
2923
5076
4176
5324
11315
6720
9641
2621
274
3827
1555
5563
2167
3077
7178
866
102
10611
8850
1234
5598
10657
2313
1269
9611
3145
889
5310
5585
1965
9146
824
5786
2028
3178
3757
2255
2058
8848
54472
1997
3190
5587
6391
154
9261
6595
4915
5788
7186
7054
5581
5607
818
1386
658
5087
5704
249
9181
4306
93986
4217
4665
5345
651
7227
2688
3169
84299
390502
641455
10321
3569
5617
7380
23552
23541
51207
23598
9510
27429
6424
8754
11221
5036
9547
5037
10524
5883
27035
84818
2672
26
1672
1524
2289
4846
10498
623
2254
11140
10188
8639
1438
9255
185
222545
55750
6721
1593
171024
4128
7442
624
23277
190
1317
6611
19
2971
2316
8554
156
5715
1459
9420
1182
4067
7704
2317
183
43
627
3048
6916
4811
6908
3163
10296
7102
1834
5608
23365
1946
26052
474213
56937
6965
100288079
6754
7779
7431
8073
1052
79098
4852
55840
128102
10170
3293
5922
7274
9479
8726
2039
25976
5768
10401
9185
5269
6319
5132
1616
2251
7110
2729
22937
54704
9520
10746
10800
3972
10451
11346
1270
114294
5609
1128
6121
10720
79884
6804
64421
7225
51380
7175
55827
6335
7365
399694
27143
5330
10699
266811
401475
2414
100128390
285634
4273
100507249
406988
53410
100271076
100271372
100271111
100270871
144638
2579
646255
160065
390418
100144597
100128250
391679
100271093
157530
155019
406935
2575
5312
406937
102723547
406958
407006
542767
51214
389903
2576
2577
2578
100101629
653220
406892
343981
100847047
100847001
100847034
100847043
100847075
100847077
100847016
100847007
100847055
100847024
100847085
81363
403304
100130624
391828
100129634
100271551
160824
406959
406983
653067
407011
406973
407007
100126329
100126352
100126330
406885
406933
407056
406940
574501
3090
1048
5462
1890
406991
4292
407000
406985
64663
406986
407035
407018
5670
494324
406961
574455
727764
406975
26799
406984
4582
7298
406938
5241
406913
100144596
100302242
100423020
100422929
100422829
100616476
100616340
100847019
100847048
100847015
100847013
100847003
100847086
100847060
100847081
100847040
693232
651452
6148
100113386
4103
574
406987
1029
26749
442893
406944
406946
100126333
442904
157638
407042
406915
574447
406903
406921
728712
406900
406982
92304
53635
442902
442903
554213
406912
406881
3816
406907
407041
3880
406884
8712
407053
4100
407037
171221
100151664
389289
407055
729396
100507547
100302137
100847058
100847091
693201
767612
144106
389816
406943
406904
407019
340602
4102
406952
168400
4432
406948
407040
26748
64648
728695
6615
406911
406992
115761
43847
4595
267015
10232
407022
407054
406950
11259
1474
9077
10551
2574
407009
407012
406922
442890
30014
727837
6790
51438
1440
6591
2947
5650
2543
8511
11013
4070
56892
7379
5753
100144748
442909
100528007
79946
100131454
767558
100847071
100847005
100847053
100847027
100847056
724026
5643
222901
2520
79444
6469
4524
10406
693207
79728
7516
1574
4495
6757
10265
7076
406919
406923
63970
4431
7032
6406
407033
118430
26085
445347
9314
606293
6750
55511
9377
83998
57650
54658
407036
8614
84951
4312
2305
10011
9112
7071
5243
26471
6758
7162
51094
901
253868
3128
135458
55891
100288814
100846998
100847066
100847038
100847064
100847082
100847017
100847031
100847032
100533107
1437
10631
9338
389860
6423
344561
9170
2171
174
10077
6013
216
100133941
114757
3232
84798
5054
5892
7869
4552
43849
638
898
6794
4085
8409
5178
4494
27250
6781
154907
442915
100126339
644943
3248
50943
158800
796
7372
7295
50805
160728
666
3399
9947
23411
84892
80864
4856
56849
83983
2810
4828
283651
6753
57119
29923
11178
441525
494118
124220
3558
268
8991
1748
429
54739
6662
55190
6783
140690
11202
3483
4790
5889
4363
143503
4835
2348
1028
6019
10848
51309
6756
10857
10628
4671
6513
6659
221476
5308
3586
51341
11264
2152
7980
10912
1116
10811
8838
8099
3952
27122
494119
139067
4314
597
1942
1548
11197
4548
7490
6573
4152
6282
4680
55004
83596
117159
56005
10009
6624
25849
10974
4500
158506
5187
3624
79366
3440
2189
4486
5979
6528
3960
1999
6581
27232
8572
11040
2021
3557
7086
217
5168
10140
4321
682
1396
2295
7428
140701
388719
285593
100847030
100846992
100847063
170685
145624
729540
100505761
145165
414060
26354
2296
27257
5225
23532
29986
9076
284366
353174
6649
5460
56647
5935
219595
283120
116173
53836
29964
6271
219938
2981
22853
3651
10950
1960
374882
9636
10549
27113
3161
3861
6401
7538
7873
10562
727677
133
223
7764
3294
2625
3240
10252
6405
5457
3439
4738
146852
64146
6470
3099
1512
847
3552
2101
93659
3959
92140
1236
100287399
6795
7345
26585
10755
29126
51053
3398
10253
1944
3209
3224
25800
3251
3973
6035
7098
6407
1164
9473
838
8111
9368
580
874
94027
1758
10542
5423
390
81793
4843
5664
55240
3456
2166
7520
3659
599
9687
9370
6647
6657
1601
5349
4110
2831
8771
3685
653781
259
8900
3605
9823
113746
6668
11045
9122
79923
6722
4353
29956
84075
83903
54923
4496
5940
140700
90871
427
8739
128408
139425
140596
124871
286514
6031
7737
25950
389058
90655
90316
8852
51162
5052
92
9158
11279
7703
8313
389136
3553
5104
2523
8543
5366
55520
7782
5265
6414
7058
7364
5893
3562
3590
9536
83990
3014
4327
729230
101
8553
843
8260
7216
2678
1917
4588
3135
80381
1163
1870
7001
114814
6242
1488
10663
9048
9982
7087
7839
6909
55665
8763
79727
4521
6926
5420
1994
1906
84985
7262
7780
64816
140628
10948
84305
9212
701
5805
6382
51083
2056
116986
3692
56413
262
7122
6241
5978
7124
10519
7099
3162
384
10935
9564
9582
1473
260436
120071
3223
4803
2001
6868
9134
3626
64689
83595
8718
57007
9531
1984
2524
50484
7374
8091
1719
6347
3239
6374
2879
3858
65108
6717
383
5947
70
2041
388
8140
9156
3458
10327
90780
6443
219541
6799
6935
2953
4118
84958
132625
4507
4602
2619
310
26298
9966
4277
27043
5813
54600
79679
25859
3600
54738
56925
51255
55974
3295
10273
56729
885
6304
9075
3250
5092
3170
4267
3783
6478
94241
29028
10181
283149
548596
1777
2086
93185
8510
8711
1401
3980
1111
8722
4909
22974
566
4692
50964
80317
1051
112744
9111
51109
2797
8714
5228
1551
54498
9817
6863
3383
4192
112398
3851
53
3024
29941
1875
23645
10899
1676
3036
9168
7052
2990
1559
8314
602
9308
1032
1553
4838
9271
5645
57410
4221
4317
1050
79004
10884
9141
643
8835
7096
100379249
119032
79025
27141
1797
79852
79176
63943
4917
390443
26140
389901
7739
255403
5562
958
84868
4326
11187
2191
79084
1845
2288
2355
51129
64006
3067
8841
1755
5732
6867
2053
148327
1736
2119
51311
182
57447
4926
6932
4613
5179
10013
4185
8209
23581
10961
8462
28984
112483
55630
81848
345651
347902
57412
83461
285464
54935
11318
10609
4055
5013
6493
55333
7259
7727
3068
4194
2877
10733
4522
25805
11171
11065
9987
10410
4284
165140
124583
79602
2878
10642
10587
3939
1791
1907
8473
10417
875
2527
3933
4150
6049
26136
3726
3868
4760
54940
56165
7014
7337
150696
124446
4691
7465
4361
218
892
221895
51290
113201
100507436
29843
1852
1945
10116
8673
3336
57575
8635
6839
121642
51566
9529
246778
10039
10103
665
64866
6441
11034
1114
6525
7070
2539
23089
347148
8061
4855
29919
93273
5806
7023
1854
30816
8692
8322
200186
8372
7095
837
5916
3596
6927
6498
51478
23235
6891
2896
5469
8290
5997
1903
10333
6921
100
84660
54206
26353
360
1580
11309
23405
57805
9635
5133
5896
3280
3815
396
2335
5887
7494
1446
3921
5020
2020
4061
56954
4880
9839
1081
5727
4437
479
9404
2237
2280
5757
10111
3625
164656
8784
5591
820
51079
51330
4117
1655
2074
2177
705
7922
22846
1105
5551
694
1159
1428
120227
4718
23620
27246
51614
10553
55634
10445
11201
9451
6566
7132
5644
10413
6367
3606
3329
173
57561
23582
1605
8788
2014
79850
55363
80789
26512
84445
83695
80010
58515
11000
23626
84260
147138
60385
347688
55829
1622
3866
222546
7009
9588
5783
23028
80781
8317
81620
56848
7706
3565
2151
5449
1991
3593
60436
5154
823
10062
780
1408
154091
8405
1718
51280
685
6364
3181
1382
7913
112399
119391
59067
9110
4929
8682
10537
397
26959
55662
10825
8431
9401
5272
93621
10201
29985
84266
23452
869
90273
1590
127579
1652
63951
85403
79690
92086
63940
414764
56832
3671
387111
100506190
25840
4515
143662
64710
653269
5459
64063
140823
55089
221833
10534
51014
58485
6964
7691
7584
22834
10979
2147
3678
9002
3305
6822
6947
27350
199731
192668
5348
4681
79144
25987
545
2833
3313
151887
53905
116113
3087
4084
4938
4071
7335
7100
5730
4090
11258
11098
8683
10210
1487
1773
4907
7849
23492
9270
3853
64066
81556
3156
148
2821
4017
4296
10728
5741
1948
11211
2693
3640
25802
4025
8740
55811
867
957
3417
10765
5163
3914
5364
5155
4086
6403
27349
23047
10563
2624
64083
284119
55359
7358
28234
11047
341
124872
2170
2319
8811
54556
10038
9104
7036
26277
3560
7486
5315
3587
7982
7412
55357
3192
9446
4172
51284
7155
8828
4853
10211
392
79695
10916
23481
7097
7518
462
51225
10139
26505
285521
122011
1628
8653
1802
60674
10614
3213
51474
4158
4239
4826
29085
51050
10635
27164
27180
56731
10024
116461
8287
23528
4261
10298
902
1235
1996
4831
728590
2875
3913
2661
8404
170689
80279
1118
284656
5004
9057
7103
8078
7316
5950
23512
7408
7481
5770
1677
2005
3848
7169
1787
5443
90
3070
567
4893
409
641
10643
23213
6366
4669
8864
84152
5697
6390
9497
170302
57863
8535
116840
23708
3738
8079
9526
4759
285704
284654
6442
6725
8557
84254
9988
3291
84876
3276
9733
10495
2668
26084
6820
27087
482
8048
1476
54749
9052
10379
10459
4925
5481
55599
653509
10280
150465
7543
47
54
8915
976
102800317
1454
28992
5899
5270
91
708
4800
6272
2192
7114
147
219931
8289
7415
56946
2155
2214
2931
489
8822
10818
1674
231
7329
8647
1620
10806
10269
3872
9361
4060
4174
7026
50506
1936
2488
22858
3645
10893
6610
7130
6372
1959
4005
6404
1536
2273
8321
2650
51205
8574
63036
54344
57326
6415
64129
23423
10099
11130
10840
771
1410
8661
7306
7473
6351
6346
10847
5881
7514
4854
6850
6929
11283
23705
26503
9474
226
1829
10457
3938
5029
8863
7168
4254
5610
5774
382
5654
7351
7482
327
9551
1359
83658
8928
51031
4241
27163
4725
27075
25809
139596
2837
4249
9978
9365
10135
8204
9049
55862
26271
2633
3029
3009
9159
151393
9125
64089
6744
50861
9099
58191
2224
140885
6770
3675
6348
50
3428
3679
5926
11132
1491
25898
8884
7165
23650
10594
2243
972
9788
3603
6257
6285
2159
10951
10983
1073
2658
114609
1233
1855
2354
1326
5740
6258
6288
3326
10146
3615
4144
6518
6915
6948
63035
84733
54535
57018
29952
2079
113828
144321
148738
9118
55600
4236
6182
4696
55651
5089
1911
51316
5912
5273
29988
51646
7711
23054
7321
1398
10891
3945
1589
6376
51343
57728
4149
7018
8945
358
1894
2051
9833
25788
7159
6480
11104
29106
56904
51412
130872
80830
93974
8707
662
91272
53838
123970
114904
57821
344807
4064
56971
9080
80319
149095
4189
58511
7802
8193
83475
9086
253314
956
116151
51024
57369
25988
285830
81888
347252
54756
143879
8284
140807
196374
3902
197257
11026
55716
84232
619373
10205
64432
54516
54510
57092
11333
5252
162466
728378
84919
5630
5662
84084
57826
25996
83547
26001
55178
51750
123228
89778
118980
9047
55532
91252
9825
353376
10548
79847
55751
7177
22954
81603
10791
25844
51043
140883
284349
10014
5216
7112
2182
790
2202
50628
26575
54790
11168
7249
361
10550
997
63967
1511
2487
2551
4074
4094
4082
22827
22933
8742
6434
51384
7503
7791
8630
1636
1938
929
8537
10644
4791
146
2521
9020
4325
31
5499
4908
80310
6093
51592
6059
9507
712
810
9994
5010
1264
9167
54097
23479
29959
26012
5204
5229
203074
10266
166824
9616
6383
8082
84617
55249
25932
54583
2242
9656
5325
85415
9092
1395
1856
4257
9584
220
10036
26586
8880
8570
4210
51588
26994
51150
85456
5756
7381
23136
3630
140
10076
6009
1535
3187
23513
6386
6580
6175
4040
7248
10411
3646
9227
10856
1399
9971
5981
5339
5291
5519
5478
238
2181
6652
27302
23468
3426
26524
6232
7128
57761
7301
5621
81569
468
2622
3563
55818
56955
54492
56963
30837
8407
7171
7350
7386
1277
80833
51510
133418
4123
4708
4711
91624
10887
6748
54490
6293
1232
3654
7874
2736
466
51701
5782
7056
81
5515
10257
10512
117
25825
9500
5093
26054
6418
1520
1585
2937
11004
3799
11320
26135
6555
6605
7090
7280
8725
3559
8826
3932
7534
241
2049
53615
6400
6514
7035
5590
253260
5293
5641
5696
10645
1363
3636
3985
5080
8607
3339
213
9423
5605
5327
6517
1813
10554
211
1537
29997
51170
3357
9211
3998
4600
4698
4714
9124
3275
6227
6449
51312
79644
51393
143570
15
55210
6355
8851
1503
1841
10480
2568
2987
9555
4016
4487
10797
4544
10514
80762
4881
4886
5817
6050
57758
51100
6563
9963
6431
7053
6737
9322
7363
677
51742
6356
2130
7049
147495
8542
1388
721
81928
57658
285753
8208
51652
1329
116093
1805
4616
51292
3094
90861
23308
3492
23210
81033
9757
51203
8761
64065
5238
60675
22949
5831
56254
80196
26156
10590
121260
10999
10568
60482
6524
6603
6815
9913
11322
60487
7247
54346
84619
9422
22
38
10576
7818
8087
3920
84708
13
14
165
10541
81611
26225
83787
55101
192134
51637
389073
205428
8192
1347
1489
1522
9231
54788
6993
55268
81889
2287
25801
64841
373156
8969
10362
3188
3189
286676
359948
346689
55700
65080
26164
8775
84875
29990
10084
64777
84282
65117
83443
10572
11254
81892
64114
56061
80700
678
7633
7314
311
822
865
1654
7855
3916
145957
5223
5341
10419
10180
6523
10454
1072
406
6143
5976
653
1769
26018
6361
4942
950
6942
2153
369
1832
6548
3694
6010
6484
10673
959
5520
2222
7941
6185
590
1278
10461
6599
3185
7182
87
3117
219681
440
10803
975
1453
8451
23421
8425
4240
9902
84432
6564
6582
6671
8717
10599
8454
5584
5606
2534
51135
3762
4043
10335
5720
5737
7277
84790
10477
4629
57534
4615
5885
5931
292
6520
7477
1981
55869
6789
7341
83439
5566
23683
1644
3837
4724
5706
827
11335
10980
57404
1595
1823
30001
2169
11226
9177
3737
11184
4256
80018
80218
4678
85407
5028
24145
5208
5479
94274
145270
11137
5911
10371
22929
57181
6642
6663
6723
57616
51174
7417
5579
5335
348
3030
10131
4878
3119
1327
1465
3767
57446
5160
336
2235
3184
56888
59277
9063
51426
5536
5868
871
8879
10402
6773
6950
80351
7170
219699
6500
9590
8452
6426
8805
2783
949
4137
30
55256
517
522
1207
90993
1603
23765
8195
4715
4833
7181
10268
10193
55676
55334
6742
10494
55578
114908
5921
4646
3911
10971
3304
26286
57099
9774
10203
55748
29894
1407
1717
1809
4733
220988
4705
4946
5317
10267
6156
6184
6217
861
2820
3609
64324
5287
10155
9138
3122
3760
3832
5900
6237
51684
5651
943
10810
2120
1008
60312
996
3910
5803
2
5873
59350
6654
72
3043
6446
3123
27161
79577
83737
3912
7045
93
51107
60489
29117
6370
1107
10217
9415
2318
2535
8323
3015
9843
3074
3351
4802
9970
4969
5094
65018
5984
9349
6206
6601
6428
23371
23112
57001
400
403
475
56244
54953
10332
134829
84701
1369
54973
8560
51726
2029
27248
2165
26205
2801
266977
4935
2907
57817
3174
23553
116379
83986
205717
8174
114569
6837
200958
4695
4694
27158
4709
4710
4712
4717
81614
80896
26873
5828
10654
51371
9374
9810
53637
81626
84275
120103
113278
9784
8406
1155
83741
7140
29896
643432
84630
23170
54963
7419
57169
5820
4000
1660
7976
2752
5792
7468
11059
20
23456
312
54840
366
23204
421
80150
23192
10476
10632
539
645
717
813
1240
9318
60625
1743
1933
30008
6785
23770
80308
2358
2677
283554
55506
3034
3059
3060
3422
51447
27252
55679
10446
51747
8550
2872
4330
4726
4801
9221
5201
8544
5858
5878
5936
7905
85397
6124
6231
10952
10169
6472
6565
57084
6510
376497
64924
124935
9351
2040
25777
9900
51078
8764
9898
7388
79001
1392
2045
4041
4739
5962
2719
23239
5573
821
158471
4627
50507
8854
1621
3039
5141
5688
6239
7434
8517
1080
9826
10672
4862
9296
10420
3567
498
22985
84071
515
60526
5169
90362
10516
11167
2617
10114
79083
4594
4704
10528
79400
5411
6152
1757
27244
6550
4093
6604
9295
8074
3915
11343
23533
54822
191
607
55749
56477
10666
6373
1528
1653
2203
55612
59340
22806
9313
23327
11188
6135
6207
6202
6238
122042
7060
25816
161882
2784
8411
116496
2969
11252
10096
8540
1642
10154
23368
6203
7226
57551
546
800
9575
1761
26986
55824
5116
5695
7094
65125
2737
5034
10579
340273
5167
3269
3991
5880
5430
6531
8503
160
10423
4670
3656
5407
22913
6137
56034
3909
9252
8611
103
26057
952
10521
57634
3020
3635
5693
5802
5998
6223
6259
6389
10507
27242
3497
488
718
6015
7222
2043
8490
63892
79068
5582
23461
86
11093
54443
481
10487
135228
64781
1307
1311
10540
8668
1161
2197
9908
1404
3588
3700
23209
9379
10606
5311
5511
5738
6007
353299
8767
6204
6228
154661
6332
654780
6421
6583
64116
23428
9887
6780
6613
8148
8887
6910
7073
11011
7109
7220
3093
58499
920
9759
1292
26280
2549
3672
973
60
71
5733
5296
375
1288
2006
4690
5209
5685
57142
51741
8050
11096
202
51529
10053
359
55082
9070
10409
348738
720
10241
22995
9702
629
1201
1195
1209
1340
1350
11052
84699
54675
57703
1663
1760
80331
54878
1892
80267
83939
22936
114799
2109
2205
2245
11116
8939
57818
92579
57678
29841
2912
94239
3191
11255
133396
10625
9741
5871
9562
55233
25821
10651
4731
4729
4924
9885
23178
9601
128674
22931
54933
25897
6170
58490
9169
51435
59343
8910
340024
8773
6651
152185
6741
6746
83931
6897
81627
80746
7284
7384
54838
26118
55906
167465
10752
2768
57580
8165
501
224
509
55832
1211
2982
4720
8467
200734
58472
22926
1213
81578
3069
3674
286053
5684
54828
10458
831
9645
6224
7846
9619
84803
55971
10575
10488
1452
10049
9782
140609
26227
5683
5771
5870
6579
27327
7145
10383
6655
4638
81563
1975
284217
9723
1374
55740
22801
5289
6130
5451
51433
171023
23786
91653
826
157922
883
50937
55125
9469
23127
3301
7458
2091
8857
2591
2665
2916
10236
64135
22807
57535
4054
4141
4191
9968
10398
135112
5165
8394
5569
22874
5445
5495
54776
5510
5589
26191
6142
6141
6158
6176
710
5274
11001
64078
10463
28965
221074
6549
23137
6628
23524
6429
6430
6432
10492
94122
9014
6888
6902
9375
7164
7188
7385
8615
27340
338
23022
56999
1173
3360
4134
4841
6134
4734
4659
56288
7068
10097
316
506
22948
1611
9669
2395
2746
4637
2649
118788
5725
80274
23451
357
293
6427
8871
378938
84700
4920
104
1281
10059
3183
5286
5682
7535
57521
1630
1284
5567
57188
8912
5801
7529
1602
4773
5069
5568
476
727
3895
10484
6854
2771
169026
7450
9475
60678
5516
5702
9213
1293
2793
55214
10464
133522
5701
2889
9644
10533
5577
6188
7531
27086
5319
6122
6187
8398
1131
79722
529
10574
6792
1106
8738
1727
2580
79977
4131
51586
51230
5694
7837
5834
7879
6229
3842
7334
9100
8310
23305
10121
8943
57636
10109
477
533
51582
9689
10665
730
4076
908
79603
22883
54805
9276
8895
7812
5476
1615
80821
1665
23181
1968
8665
1983
1998
79993
79152
23193
27069
2710
9455
259307
3608
387755
282973
9897
84458
11183
56911
9643
10627
4633
93649
23310
4719
84166
23530
4898
22978
10482
10956
10954
23133
23659
25953
5425
5538
5859
10890
8766
9921
11342
6155
6173
6205
6208
6301
6397
85358
54847
6571
148867
6602
3431
10250
6809
54823
6865
6880
9524
23670
55504
162514
7275
57544
11338
7307
7317
89766
29761
51322
9948
7466
55841
253461
23503
10771
55205
57507
157310
5518
1937
57509
5062
5046
6907
57178
32
58
170692
50649
27032
7203
2914
3021
3097
3127
3350
3782
23095
4129
9448
8631
6709
335
4842
6261
27347
2200
2104
5890
3983
56994
2782
4331
4772
5359
5576
6711
6786
59
51390
4628
4775
50807
23081
4155
5708
60468
808
9201
4897
8613
3708
79026
832
1982
2734
79888
9208
23057
5053
5090
5305
5903
5908
6775
65975
387357
26019
55275
22882
118
523
64377
1308
1291
1314
170712
64764
83716
57222
2121
9855
84467
3032
3062
3416
22920
90293
246269
4147
91942
10725
10886
4976
9061
9842
24148
5692
5691
5862
6193
6461
6505
6607
93492
57217
10382
337867
23214
55068
5071
5288
4052
8359
5588
128553
54796
27255
1794
4036
6695
7003
3778
286
50515
30010
9462
6222
26040
57619
10580
9705
107
801
1793
8362
5796
84909
140578
8029
60495
334
57492
57118
2131
5314
55755
1258
150684
51473
23576
201625
64641
1974
116443
81533
63971
79817
5533
5525
5705
6342
6606
6653
6091
5649
636
11113
23274
667
2913
3356
84966
221458
25780
23635
7223
64754
287
3784
9586
8470
805
11124
2776
5530
27044
351
63976
6456
55289
374868
83539
1767
1896
3500
10788
84465
64359
26279
23646
57713
83893
6840
9736
50940
54901
8997
5592
10718
342184
5142
7402
26137
11122
253559
7399
577
374864
55790
81624
374378
2897
4685
4753
5334
8499
160335
6660
53353
9378
114788
56884
23362
57537
157680
1600
23261
2918
2917
5797
2651
5799
137868
64478
54715
