114785
10298
3925
28996
4023
10105
23368
4781
3927
8864
3553
3552
55294
10893
3251
1944
3855
4779
8626
64778
2917
1490
5460
7046
5465
7040
7128
7042
5469
5468
6093
6092
7049
7048
51162
4734
6657
5327
4739
2313
5268
55225
5915
5917
5916
6590
595
6595
596
599
598
4322
4325
4324
3678
3146
3676
79727
3383
80205
114609
1019
2263
2261
4211
3586
9252
4193
5778
1545
6935
5770
8125
1024
4811
8091
904
1843
11009
3198
60436
1942
3091
649
8453
3099
9732
2201
10419
11344
4102
4105
8099
1909
9612
11221
3456
3458
858
7412
6201
84676
6804
4774
842
4771
91
93
92
9021
90427
10092
3205
389421
4170
1994
1996
4076
29979
8935
9949
51726
558
3636
4619
373863
4613
990
5458
7078
7074
5454
5925
5921
1756
55437
1278
4312
4313
142
4318
999
57534
1277
4507
5530
1284
1281
58526
1282
4916
947
4661
7189
1573
8726
10067
57448
5743
136
8019
5077
3418
4223
9839
6574
5581
5625
3796
8493
9688
402
10746
6242
92140
9685
26135
3835
10521
23479
80005
1956
4035
1959
22849
6659
51271
3569
3842
3845
7525
7528
2903
2526
6857
65266
3914
3308
7038
87
2309
2308
2146
6662
1719
2305
6667
8804
5962
3667
3663
3662
81929
8202
4620
4622
11124
3159
1432
114904
3397
3014
130399
253260
56616
9761
1000
118471
627
5036
5034
10461
23122
7852
4436
7494
1870
1871
8115
23011
3200
11151
3690
6285
7490
6597
3696
182
30062
655
4320
10620
2113
659
10150
9338
7351
23512
10018
5894
11334
26524
9235
7043
10016
3280
55388
6401
861
865
6387
2752
23158
1974
83596
4763
7045
6624
9759
3236
1969
1616
4173
1960
4005
51719
1611
80315
7168
324
80312
55662
2873
207
208
28511
7101
4286
22801
5364
7068
2237
5893
346389
8570
1147
57522
665
664
663
3570
8788
79905
3654
3656
2099
2956
4605
1540
4678
161742
4671
8651
8650
29110
3551
29116
132864
994
997
8434
993
7392
10725
4884
998
9208
3976
8539
5347
5756
10682
9987
4233
5591
286410
5599
5598
26292
19
6310
23164
9575
85414
2064
2065
2066
5154
201627
10537
317
3491
65986
10123
10125
836
6304
3576
3479
7248
55748
10344
7532
2932
23414
5324
1831
23411
6670
387
388
7029
6678
5328
780
51621
27250
5245
6776
5241
10980
6772
5979
6671
51742
3611
578
8743
3756
7791
7097
7159
7157
5111
7099
506
1033
1031
1374
7291
632
9134
23136
639
8065
10642
2044
8061
6241
1869
6528
120892
5655
5653
2043
4684
3688
960
6351
2896
23347
8289
6195
81671
140453
4082
79412
4086
5296
4089
5295
5054
9590
5728
6418
54879
221895
266727
8140
10769
7471
55171
4843
890
3915
4335
894
896
898
112939
5045
79618
9048
672
648
81552
4790
23457
27113
3229
1978
1977
7022
3226
1605
356
355
7507
351
7503
8850
8856
1788
1789
56999
1612
1786
7329
10210
6648
7050
7057
5901
10951
3481
3480
677
3485
23075
57693
6774
4101
4646
57462
2475
7316
1326
4893
983
4891
10043
8038
5156
8682
5604
4208
5606
5601
112
23576
7976
9146
5763
53834
6515
1856
6517
23171
1398
80328
2070
112399
3815
54541
148022
3265
4111
23705
8945
9314
847
6427
6421
841
6423
4294
5081
4296
4293
9792
7422
7421
133746
147906
6602
23405
6608
10253
7150
10254
7010
6768
4741
27086
157567
2331
29956
375743
115426
6885
1591
3075
4609
2189
3172
4602
26207
7080
1027
1026
1021
57761
5424
7161
1029
1028
10920
2353
6696
605
604
4361
9459
4363
23107
5520
54332
7832
7837
959
958
85440
79923
1111
8675
4092
4097
5281
50943
9191
9219
22943
9212
8558
23621
51014
80381
472
25836
25831
7465
2004
3190
4582
4853
6660
4851

